{
    "camera_matrix": {
        "type_id": "opencv-matrix",
        "rows": 3,
        "cols": 3,
        "dt": "d",
        "data": [ 892.43035573449981, 0.0, 628.30282870992255, 0.0,
            892.83558935711244, 414.79696475392893, 0.0, 0.0, 1.0 ]
    },
    "distortion_coefficients": {
        "type_id": "opencv-matrix",
        "rows": 1,
        "cols": 5,
        "dt": "d",
        "data": [ 0.044898608892314881, -0.075462756153487562,
            -0.00029494953755438731, 0.0001742643261542523,
            0.015308476706885924 ]
    }
}
