{
  "camera_matrix": {
    "type_id": "opencv-matrix",
    "rows": 3,
    "cols": 3,
    "dt": "d",
    "data": [
      1004.0750238970151,
      0.0,
      640.05751908203501,
      0.0,
      1003.8204743309249,
      338.97280138386901,
      0.0,
      0.0,
      1.0
    ]
  },
  "distortion_coefficients": {
    "type_id": "opencv-matrix",
    "rows": 1,
    "cols": 5,
    "dt": "d",
    "data": [
      0.13680307737933431,
      -0.91206058493508402,
      -0.00024500410513384233,
      0.0018538066290407734,
      1.0545247192952696
    ]
  }
}
