{
    "camera_matrix": {
        "type_id": "opencv-matrix",
        "rows": 3,
        "cols": 3,
        "dt": "d",
        "data": [ 909.807012629013, 0.0, 660.39075484214629, 0.0,
            910.33458333309932, 396.00623634528677, 0.0, 0.0, 1.0 ]
    },
    "distortion_coefficients": {
        "type_id": "opencv-matrix",
        "rows": 1,
        "cols": 5,
        "dt": "d",
        "data": [ 0.044022441179745429, -0.082489284705151517,
            -9.2611594785846035e-05, 0.0017802485092234849,
            0.028768762894274585 ]
    }
}
