{
  "camera_matrix": {
    "type_id": "opencv-matrix",
    "rows": 3,
    "cols": 3,
    "dt": "d",
    "data": [
      907.37134479489703,
      0.0,
      688.66402646816357,
      0.0,
      907.76919472032034,
      406.40370894439121,
      0.0,
      0.0,
      1.0
    ]
  },
  "distortion_coefficients": {
    "type_id": "opencv-matrix",
    "rows": 1,
    "cols": 5,
    "dt": "d",
    "data": [
      0.042218081283085351,
      -0.06937359250857808,
      0.00045341706186312493,
      0.0030274613232363326,
      0.0060323724015413135
    ]
  }
}
