{
  "camera_matrix": {
    "type_id": "opencv-matrix",
    "rows": 3,
    "cols": 3,
    "dt": "d",
    "data": [
      898.86579037550234,
      0.0,
      693.94181747435141,
      0.0,
      898.92904644833243,
      432.0360583679053,
      0.0,
      0.0,
      1.0
    ]
  },
  "distortion_coefficients": {
    "type_id": "opencv-matrix",
    "rows": 1,
    "cols": 5,
    "dt": "d",
    "data": [
      0.056698905944942972,
      -0.1232865466381201,
      -0.0010225464830100118,
      0.0022831336052876023,
      0.061678840407397073
    ]
  }
}
